72 11111111 1111111111 auxen 11111111111111.

--- -——-——--—·

111111 1111111111111111111 11111111 111111111111111111 11111, 1111 1111111111 1111111111111 (l) 1111111111 ’11111-
111111 1111111 1...

«Quaeritur, 11111111 elsio 1111111111111111111 11111111,11111111111111111111 nationem 11111111
1111111111 1111111, 11 qun 11111111111111111111111. 111111111111111111111 resplendetur 111 (lul. 71. 1. 1. 1.1;
nd 1111111111111111111111111111111, 1111111111111111111111111111111111111111111, 111111111111111111111111111111
111 111111111111 111111111; 111111111111111111111111 de 11111111 11111111, 1111111111111111, nullus 1111111111
111 111, 11111 11111 bealae, 11111 nunquan} 11111111 Prophetae in 11111111 ipso. sl 1111111 11111111
villere in 11111111,11111111111111,1111111111 11111111, 1111111 111111111 11 1111111111, 1111111 111
11111,11111 ab 1111 11111 1111111111111111 111111111111111111111111111111111111111111111111111111111
111111111111111111111111111 111 speculo. 1111111 1111111111 1111111111111 11 111111 (lanua 111111, qun 111
1111111111, 1111111111 11111111. Si 111111 11111111· viuere 11 1111111 11111111 11 11 11111111 sill aniene,
uun 11111 111111111111111111111, 111 1111111111 11111111111111, 111 11111111111111 111111111111,1111 11111111
11111, 111111111111111 1111111111 111111111 1111111111 11 11 dicier 11111111111 1111111111111, improprie
11111111,11111 verbum 1111111111 nullunquam 5111111111 1.

Ful. ’111 v. 1. ll: 1 liena 11111111, quod 1111111111 11111111, 11111111111111111111111111111111.Ι
111111 11111111111111111111 11111 111111111111111111 111111111111111 1 11111111,11111111111111111 intelligitur 111
sellun, 11111111111 (111111111111111.51111111 1111111111111111111 1111111111 excellentia 11111111 11111-
11111,11111111111111111111111 1111111111, 11111111, 111111 1111 alienent 1111111111111111111111 11111111,
aulalium ln 1111111111. ad 1111 11111111111111 7³. 1. 1. 111 11111 1111111 dicendum, 11111111 11111
11 unani 1111111111111111111111111111111111111111111111111111111, lamen ln (111111111111 1111111111111
111111111111 ner 1111111111111 1111111111 1111111111111 quaedam 11111111111 11111111; 111111111111
dieitur 11111 naec eognllla a 11111111111111111,11111111111111111 11111 intellectu. Sed 11111111
intellectus per 111111111 111 nauel ln aliquod 111111111111,11111111111111111, 1111 11111111·
11111111111111111 luae (111111, qula ln 1111111 1111 11111111111111111. [11111111 1111111 1111111111 11·
1111111111111111111111 luae, 111111 1111111111 1111111111 1111, 1111111111111111111111 intellectus
111 1111 lune 111-11 11111111.

111173. 1. 1. l: «ln 1111111 11111 corporali 11111111111111111111 1111111 11111111, 111111111111
1111111 11111111111111111 1111 11 euenere 1111111111 11 1111111111 nisi 1111111 11 111111111111111111111111
11111 1111111111, 1111111111111111111 11111111111111 1111111111111111 ln 11111111 alere, 1111111 1111111111 1111-
11111 11111111, 11 (1111111111111111111, 111 111 11111111 1111111 a 1111. ’111111 111 lux 111 columne
11111111 1111111111, 11 1111111111 pupillam 11111 11111111111111 11111111111111. 01111111 eliam, 1111111
lux ergani 111 11111111111111 incl, 111111 111 11 medlo 11 11 11111111.11111111111,1111111111111·, 111111-
11111 11111111111111111111 11111111111111, nen in 111111, quala 111111 111111111111111111111111, el
1111111111111111111 111111 praesentiam, 1111111 1111 111 111111, quia nnn 111111111111111111 in
1111111111 11111111111111111111111111 11111111 1111111111111, 1111111 111111111111111 1111111.
81111111111111 111111111111111, 1111111111111111, 1111111111111 1111111111111111 in 11111 aliquam 11111,
111111111111111111 111111 1 1111111111 ἐπ11111111111111111, 1111111111 1111111 111111111111111111111111111111
1111111111111. [11111111111111111111111 11111111111 divisionis excidisse, quael 1111111111111 inspirituali
cognitione 11111111 11111 11 aere, 111 111 illuminalio 11111111]Ι 01111111111111 1111 111111 11111111111111111,
11111111111 1111111 1111 11111111111111111 1111111111111111, 11 1111111111 in 1111111111 1111111111111111111111
1111111111 intelligens. 1111111111 aisn 1111111111111111111111 111111 1111 sive in 1111 1111111111,
111111111111111111111111111, quo 11111111 111 111 neuin, 111111111111111 111111111111111 1111111111 1111111111
1111111111111 1111 secunde, 11 nnn in 1111111, 111111 11111· 111111111 111 1111111 111111111111111, 11 1111111111
1111111111111 1111111111 alne 11111111 11111111111111 superenne inuam, 1111111 11111111 esl. Sic 11111 1111 lux
11111111, 1111 11111111111111111111111, 111 1111 1111111 1111111111 111111 1111111111...

 

